Class ID	Preference Count	Enrollment Count	Fit Percentage
017171	1	1	100.00%
017172	6	6	100.00%
017173	1	1	100.00%
005745	2	2	100.00%
015432	6	6	100.00%
016879	3	3	100.00%
013920	1	1	100.00%
011987	2	2	100.00%
005853	2	2	100.00%
005734	4	4	100.00%
015417	2	2	100.00%
013915	7	7	100.00%
006038	8	8	100.00%
013155	6	6	100.00%
014114	12	12	100.00%
012734	3	3	100.00%
002383	3	3	100.00%
002384	4	4	100.00%
012735	4	4	100.00%
001176	5	5	100.00%
007032	8	8	100.00%
004306	8	8	100.00%
004304	7	7	100.00%
002373	3	3	100.00%
002374	3	3	100.00%
002433	6	6	100.00%
013210	5	5	100.00%
015869	8	8	100.00%
014537	1	1	100.00%
004740	4	4	100.00%
005272	3	3	100.00%
001457	3	3	100.00%
002669	1	1	100.00%
002420	3	3	100.00%
005258	6	6	100.00%
017124	2	2	100.00%
017126	6	6	100.00%
012352	3	3	100.00%
017121	4	4	100.00%
017122	5	5	100.00%
014523	5	5	100.00%
002671	2	2	100.00%
010966	6	6	100.00%
004293	3	3	100.00%
001249	23	23	100.00%
003421	10	10	100.00%
016862	3	3	100.00%
011296	7	7	100.00%
016855	9	9	100.00%
005295	9	9	100.00%
012818	10	10	100.00%
002564	16	16	100.00%
013342	1	1	100.00%
014310	2	2	100.00%
003541	5	5	100.00%
001242	3	3	100.00%
004379	5	5	100.00%
014180	5	5	100.00%
004015	9	9	100.00%
005228	8	8	100.00%
004810	3	3	100.00%
007888	3	3	100.00%
014185	2	2	100.00%
001427	3	3	100.00%
013647	4	4	100.00%
001899	11	11	100.00%
007878	10	10	100.00%
004809	9	9	100.00%
015015	1	1	100.00%
012665	4	4	100.00%
014969	7	7	100.00%
007882	3	3	100.00%
001563	1	1	100.00%
006582	1	1	100.00%
002404	1	1	100.00%
004825	2	2	100.00%
001552	3	3	100.00%
005120	5	5	100.00%
003008	16	16	100.00%
003493	2	2	100.00%
006868	4	4	100.00%
013156	1	1	100.00%
003485	10	10	100.00%
002396	8	8	100.00%
003002	8	8	100.00%
009225	11	11	100.00%
002390	5	5	100.00%
008495	2	2	100.00%
001766	11	11	100.00%
015014	2	2	100.00%
015013	10	10	100.00%
011322	3	3	100.00%
011208	1	1	100.00%
006542	5	5	100.00%
004360	2	2	100.00%
001755	4	4	100.00%
001871	3	3	100.00%
006523	4	4	100.00%
001752	7	7	100.00%
001757	6	6	100.00%
001758	5	5	100.00%
016445	6	6	100.00%
002571	31	30	96.77%
004889	18	17	94.44%
011342	17	16	94.12%
016923	15	14	93.33%
001763	15	14	93.33%
004290	13	12	92.31%
004807	13	12	92.31%
001774	12	11	91.67%
001185	11	10	90.91%
001765	11	10	90.91%
005725	10	9	90.00%
007113	10	9	90.00%
013193	20	18	90.00%
004282	19	17	89.47%
003029	19	17	89.47%
004356	19	17	89.47%
002686	9	8	88.89%
010860	9	8	88.89%
002874	9	8	88.89%
009386	9	8	88.89%
002653	9	8	88.89%
004288	9	8	88.89%
007403	17	15	88.24%
007398	16	14	87.50%
015860	8	7	87.50%
015856	8	7	87.50%
013184	8	7	87.50%
006860	15	13	86.67%
002368	58	50	86.21%
007923	7	6	85.71%
009304	7	6	85.71%
006034	14	12	85.71%
005263	14	12	85.71%
001424	20	17	85.00%
016894	13	11	84.62%
008778	13	11	84.62%
004036	13	11	84.62%
003441	19	16	84.21%
015445	19	16	84.21%
002469	6	5	83.33%
015655	6	5	83.33%
016886	12	10	83.33%
007028	18	15	83.33%
001474	6	5	83.33%
004023	12	10	83.33%
006565	12	10	83.33%
015248	6	5	83.33%
007128	17	14	82.35%
010965	17	14	82.35%
010944	11	9	81.82%
013185	11	9	81.82%
008769	16	13	81.25%
003275	16	13	81.25%
001164	21	17	80.95%
006049	10	8	80.00%
002464	5	4	80.00%
017117	10	8	80.00%
006588	5	4	80.00%
002163	10	8	80.00%
011321	10	8	80.00%
003270	20	16	80.00%
006045	19	15	78.95%
003014	33	26	78.79%
013213	14	11	78.57%
016852	23	18	78.26%
004276	23	18	78.26%
001158	9	7	77.78%
001771	9	7	77.78%
006035	13	10	76.92%
017104	13	10	76.92%
005190	17	13	76.47%
003460	17	13	76.47%
004066	17	13	76.47%
016844	17	13	76.47%
016882	8	6	75.00%
015416	16	12	75.00%
013919	8	6	75.00%
003465	8	6	75.00%
006060	16	12	75.00%
008470	4	3	75.00%
012355	4	3	75.00%
017116	12	9	75.00%
008774	12	9	75.00%
015651	4	3	75.00%
016614	12	9	75.00%
005161	4	3	75.00%
011037	4	3	75.00%
002412	16	12	75.00%
009299	4	3	75.00%
004362	4	3	75.00%
013183	8	6	75.00%
006538	19	14	73.68%
002876	34	25	73.53%
001444	15	11	73.33%
014140	11	8	72.73%
006043	36	26	72.22%
004016	18	13	72.22%
003454	32	23	71.88%
004885	7	5	71.43%
017127	14	10	71.43%
002567	21	15	71.43%
017105	7	5	71.43%
012320	7	5	71.43%
006874	7	5	71.43%
002395	7	5	71.43%
015243	14	10	71.43%
001750	17	12	70.59%
005846	10	7	70.00%
006041	13	9	69.23%
015678	13	9	69.23%
003007	22	15	68.18%
002562	49	33	67.35%
016878	3	2	66.67%
016863	12	8	66.67%
016885	3	2	66.67%
012353	3	2	66.67%
012354	3	2	66.67%
016832	9	6	66.67%
004874	6	4	66.67%
001010	9	6	66.67%
016846	18	12	66.67%
004816	12	8	66.67%
001562	3	2	66.67%
015841	15	10	66.67%
011237	9	6	66.67%
004275	33	22	66.67%
008801	9	6	66.67%
007041	18	12	66.67%
015010	6	4	66.67%
003034	6	4	66.67%
001152	69	45	65.22%
015500	23	15	65.22%
016609	40	26	65.00%
007375	45	29	64.44%
007051	14	9	64.29%
005723	19	12	63.16%
011962	19	12	63.16%
002397	32	20	62.50%
011190	13	8	61.54%
006500	28	17	60.71%
001546	28	17	60.71%
006026	81	49	60.49%
015650	5	3	60.00%
012487	10	6	60.00%
007407	35	21	60.00%
013613	44	26	59.09%
003019	24	14	58.33%
004838	28	16	57.14%
006847	44	25	56.82%
007381	23	13	56.52%
006031	79	44	55.70%
005741	9	5	55.56%
007007	29	16	55.17%
007396	31	17	54.84%
015113	31	17	54.84%
016985	11	6	54.55%
016952	33	18	54.55%
016926	59	32	54.24%
016984	24	13	54.17%
001845	24	13	54.17%
013627	24	13	54.17%
002992	50	27	54.00%
016440	13	7	53.85%
011859	15	8	53.33%
008420	32	17	53.13%
005154	23	12	52.17%
006024	65	33	50.77%
001837	4	2	50.00%
008423	26	13	50.00%
016843	20	10	50.00%
017106	28	14	50.00%
011238	2	1	50.00%
009362	29	14	48.28%
010725	23	11	47.83%
011295	23	11	47.83%
017120	44	20	45.45%
017118	29	13	44.83%
015114	55	24	43.64%
015855	21	9	42.86%
008770	22	9	40.91%
002161	89	36	40.45%
002164	10	4	40.00%
009232	5	2	40.00%
007368	53	21	39.62%
006504	39	15	38.46%
004010	29	11	37.93%
010851	30	11	36.67%
006539	25	9	36.00%
002153	155	55	35.48%
008469	18	6	33.33%
012107	24	8	33.33%
010933	3	1	33.33%
008764	42	13	30.95%
014099	30	8	26.67%
013286	12	3	25.00%
015016	17	4	23.53%
004012	40	9	22.50%
006851	27	6	22.22%
017168	19	4	21.05%
015135	19	4	21.05%
003406	42	7	16.67%
008773	18	3	16.67%
014569	141	18	12.77%
011827	11	1	9.09%
008821	10	0	0.00%
